                            bbox-epoch  eps     hold    loss    real-acc        adv-acc         Images
denoise10esp03hold150       10          0.3     150     0.4259  0.791346153846  0.160096153846  V
denoise10esp03hold150_      10          0.3     150     0.4194  0.805048076923  0.180689102564  V
denoise50eps03hold150       50          0.3     150     0.0548  0.847676282051  0.180368589744
denoise50eps01hold150       50          0.1     150     0.0516  0.850320512821  0.532852564103  V
denoise50eps005hold150      50          0.05    150     0.0552  0.847195512821  0.683974358974  V
denoise50eps03hold1000      50          0.3     1000    0.0520  0.849269131556  0.052192605331  V

denoisenotintrain10         10          0.3     150     0.3093  0.787099358974  0.189983974359
denoisenotintrain50         50          0.3     150     0.0331  0.832131410256  0.204567307692

undenoise10eps03hold150     10          0.3     150     0.3261  0.831891025641  0.16578525641   V
undenoise50eps03hold150     50          0.3     150     0.0345  0.86891025641   0.189903846154  V
undenoise50eps01hold150     50          0.1     150     0.0373  0.880929487179  0.530608974359
undenoise50eps005hold150    50          0.05    150     0.0389  0.876842948718  0.730769230769  V
undenoise50eps03hold1000    50          0.3     1000    0.0412  0.872742906277  0.0527085124678
